X = [1/128; 1/61; 1/32; 1/16; 1/8; 1/4; 1/2; 1; 2; 4];
y = [0; 0; 2; 2; 3; 4; 5; 5; 5; 5];
n = 5;
family = "binomial";